Wavelength_nm,Reflectance,Transmittance,Absorbance
400.0,0.5163104668501268,1.0130409739790995e-33,0.4836895331498732
410.00000000000006,0.5139671264211756,9.549559545905514e-34,0.4860328735788244
420.00000000000006,0.5133706947718885,1.0088241807634115e-33,0.48662930522811154
430.00000000000006,0.5119384081716472,9.868185054139345e-34,0.48806159182835285
440.00000000000006,0.510297787315328,1.030678376627554e-33,0.48970221268467196
450.00000000000006,0.5090347470646841,1.6921310891555244e-33,0.4909652529353159
460.00000000000006,0.5079792061248184,2.7203750401674415e-33,0.4920207938751816
470.00000000000006,0.507463444359975,4.070157325585448e-33,0.49253655564002496
480.0000000000001,0.5075620674618686,8.862184014600933e-33,0.4924379325381314
490.0000000000001,0.5078735002845969,2.660969288507197e-32,0.4921264997154031
500.0000000000001,0.5084294983091031,9.457544227097435e-32,0.4915705016908969
510.0000000000001,0.5096712576432173,3.592037949680456e-31,0.4903287423567827
520.0000000000001,0.5115798949440233,1.3318605159739818e-30,0.48842010505597666
530.0000000000001,0.5136916069311256,5.0417000884470724e-30,0.4863083930688744
540.0000000000001,0.5158469359607452,1.9996711006266072e-29,0.48415306403925484
550.0000000000001,0.5183093800335746,8.019809518935354e-29,0.48169061996642537
560.0000000000001,0.5211844501259287,2.9907122590982428e-28,0.47881554987407127
570.0000000000002,0.5238927951498238,1.0911326278375046e-27,0.4761072048501762
580.0000000000002,0.525973953293974,4.2200210368395525e-27,0.474026046706026
590.0000000000002,0.5273287472805307,1.7868414237598514e-26,0.4726712527194693
600.0000000000002,0.5269866275422548,8.158569196493223e-26,0.4730133724577452
610.0000000000002,0.5234454122958307,4.031878919186119e-25,0.47655458770416925
620.0000000000002,0.5162450423597803,2.1010117828247154e-24,0.4837549576402197
630.0000000000002,0.5074680542195091,1.0268569562524524e-23,0.49253194578049087
640.0000000000002,0.4991366977807084,4.192401274515263e-23,0.5008633022192917
650.0000000000002,0.4926697423844971,1.338099916938608e-22,0.5073302576155029
660.0000000000002,0.48784648406261205,3.55345445036349e-22,0.512153515937388
670.0000000000002,0.48424324012350806,8.589996857679354e-22,0.5157567598764919
680.0000000000002,0.48147127039724197,2.011152211156701e-21,0.5185287296027581
690.0000000000002,0.47942446182969767,4.651513934680685e-21,0.5205755381703023
700.0000000000003,0.4782178855540735,1.0551998451098144e-20,0.5217821144459265
710.0000000000003,0.4779133515634796,2.3330670847207823e-20,0.5220866484365204
720.0000000000003,0.4784541892349884,5.005923723368162e-20,0.5215458107650116
730.0000000000003,0.4796429016611811,1.0431296349535396e-19,0.5203570983388188
740.0000000000003,0.4811830205989212,2.1185394001166327e-19,0.5188169794010788
750.0000000000003,0.4827235902920719,4.2076415193045843e-19,0.5172764097079281
760.0000000000003,0.4839048751263151,8.198603662900064e-19,0.5160951248736849
770.0000000000003,0.4843720013569742,1.578164617216845e-18,0.5156279986430258
780.0000000000003,0.4837558404848546,3.0133370285631573e-18,0.5162441595151455
790.0000000000003,0.4817009345826166,5.7171567770828165e-18,0.5182990654173834
800.0000000000003,0.47787506927837536,1.0795938227388304e-17,0.5221249307216247
810.0000000000003,0.47197745387867057,2.0320902945962937e-17,0.5280225461213295
820.0000000000003,0.46379858703343474,3.816397121744225e-17,0.5362014129665653
830.0000000000005,0.45331738484365874,7.061991697603351e-17,0.5466826151563412
840.0000000000005,0.44066520005654686,1.263204373663466e-16,0.559334799943453
850.0000000000005,0.4260790988041469,2.1820738676027387e-16,0.5739209011958528
860.0000000000005,0.4099902792502526,3.6599988951268315e-16,0.5900097207497471
870.0000000000005,0.3930460445062646,6.17888126125491e-16,0.6069539554937347
880.0000000000005,0.3759697130532832,1.0483056256199453e-15,0.6240302869467158
890.0000000000005,0.35960313824394496,1.7489528946710513e-15,0.6403968617560533
900.0000000000005,0.3450337522467547,2.8632315832654052e-15,0.6549662477532424
910.0000000000005,0.33360729856212545,4.605293150704511e-15,0.66639270143787
920.0000000000005,0.3268565204513511,7.277080911731626e-15,0.6731434795486415
930.0000000000005,0.32631171167575823,1.1282864230565917e-14,0.6736882883242304
940.0000000000005,0.3331780694461429,1.7172405482008942e-14,0.6668219305538399
950.0000000000005,0.34798188552080533,2.563310459117688e-14,0.652018114479169
960.0000000000006,0.3703071901225938,3.7439002151796786e-14,0.6296928098773688
970.0000000000006,0.3988701113520744,5.313010094528984e-14,0.6011298886478724
980.0000000000006,0.431746471985598,7.333682737932516e-14,0.5682535280143286
990.0000000000006,0.4668108408418677,9.874080882743631e-14,0.5331891591580337
1000.0000000000005,0.502119644946083,1.3018099764856746e-13,0.49788035505378686
1010.0000000000007,0.5361283845712014,1.6856850343913333e-13,0.46387161542863004
1020.0000000000005,0.5677955972941493,2.1505044030517386e-13,0.43220440270563565
1030.0000000000007,0.5965130146606,2.725543575838365e-13,0.4034869853391274
1040.0000000000005,0.622025804871151,3.4434366734880463e-13,0.37797419512850466
1050.0000000000007,0.6443131895585188,4.3422692203819863e-13,0.355686810441047
1060.0000000000005,0.6634941727339091,5.472699864614128e-13,0.3365058272655436
1070.0000000000007,0.6797594470653131,6.90200285600816e-13,0.32024055293399667
1080.0000000000005,0.6933281428803738,8.714962900869371e-13,0.3066718571187547
1090.0000000000007,0.7044191987256274,1.1018225371002402e-12,0.29558080127327074
1100.0000000000005,0.7132507010695707,1.3826997906061773e-12,0.2867492989290466
1110.0000000000007,0.7200343674724237,1.7157296648394172e-12,0.2799656325258606
1120.0000000000005,0.724961049454262,2.106270419166699e-12,0.27503895054363175
1130.0000000000007,0.728187723806119,2.561074302791044e-12,0.27181227619132
1140.0000000000005,0.729806689505616,3.1306681163232382e-12,0.27019331049125334
1150.000000000001,0.7299017224150898,3.86991505494674e-12,0.2700982775810403
1160.0000000000007,0.7285401041001397,4.836517901797444e-12,0.2714598958950238
1170.000000000001,0.7257610651174825,6.110054965511939e-12,0.27423893487640744
1180.0000000000007,0.7216289046253426,7.694254798525877e-12,0.2783710953669632
1190.000000000001,0.7161856150623046,9.528668322297043e-12,0.28381438492816674
1200.0000000000007,0.7083802775532315,1.1483699395730355e-11,0.2916197224352848
1210.000000000001,0.6994266157929754,1.3508551766498896e-11,0.3005733841935161
1220.0000000000007,0.6912007797733345,1.592951925172299e-11,0.30879922021073597
1230.000000000001,0.6810339437820117,1.8676430841915818e-11,0.3189660561993119
1240.0000000000007,0.6692118548197616,2.1906797022727964e-11,0.33078814515833155
1250.000000000001,0.6560546835701695,2.5831099884605873e-11,0.3439453164039994
1260.0000000000007,0.6413991926810828,3.0602336089881246e-11,0.35860080728831484
1270.000000000001,0.625076837453922,3.6386407253073824e-11,0.37492316250969165
1280.0000000000007,0.6070670786914284,4.3438998055709436e-11,0.39293292126513263
1290.000000000001,0.5872940582424061,5.207527049255965e-11,0.4127059417055186
1300.0000000000007,0.565654756937373,6.267387661450824e-11,0.43434524299995314
1310.000000000001,0.5420521523609841,7.570389845749228e-11,0.45794784756331197
1320.0000000000007,0.5164043255306903,9.174783592876465e-11,0.4835956743775619
1330.000000000001,0.48865089007333073,1.1100123100325621e-10,0.5113491098156681
1340.0000000000007,0.4587573554797887,1.3340270555466837e-10,0.5412426443868086
1350.000000000001,0.42672772936310993,1.592335649845388e-10,0.5732722704776565
1360.0000000000007,0.392629084983044,1.8872653102204537e-10,0.6073709148282295
1370.000000000001,0.3566130899409054,2.2280938521069508e-10,0.6433869098362851
1380.0000000000007,0.3189635800539149,2.6450899744311487e-10,0.6810364196815761
1390.000000000001,0.2800874586024847,3.15715647813005e-10,0.7199125410817997
1400.000000000001,0.24053832619148255,3.7856081550981214e-10,0.7594616734299566
1410.0000000000011,0.20102031324615469,4.5560060988913695e-10,0.7989796862982448
1420.000000000001,0.1623482678209936,5.444939727709405e-10,0.8376517316345125
1430.0000000000011,0.12544500475508283,6.395116048835732e-10,0.8745549946054056
1440.000000000001,0.0913729443590811,7.378229291561177e-10,0.908627054903096
1450.0000000000011,0.061248515307969036,8.358329446119563e-10,0.938751483856198
1460.000000000001,0.03617345052527937,9.293608254168202e-10,0.9638265485453599
1470.0000000000011,0.017144997784607922,1.0139654653258297e-09,0.9828550012014267
1480.000000000001,0.004970142179140475,1.0857042526032716e-09,0.9950298567351552
1490.0000000000011,0.0001814470543524055,1.147078568358323e-09,0.999818551798569
1500.000000000001,0.0029677634608650046,1.198093412825533e-09,0.9970322353410416
1510.0000000000011,0.01315294091096506,1.237338374321398e-09,0.9868470578516966
1520.000000000001,0.030220431936324375,1.264006958773251e-09,0.9697795667996686
1530.0000000000011,0.05337472852850852,1.2779264678210557e-09,0.946625270193565
1540.000000000001,0.0816273186252479,1.2795099243974275e-09,0.9183726800952422
1550.0000000000011,0.11389044560786649,1.2696551003914444e-09,0.8861095531224785
1560.000000000001,0.14907005122887093,1.2499073574873139e-09,0.8509299475212216
1570.0000000000011,0.18612981085355587,1.2221187110472667e-09,0.8138701879243254
1580.000000000001,0.22413841660578548,1.187760628265039e-09,0.7758615822064538
1590.0000000000011,0.26230240476472144,1.1482647707683113e-09,0.7376975940870137
1600.000000000001,0.29998067819285734,1.104961031491543e-09,0.7000193207021816
1610.0000000000011,0.33667497876493385,1.0590346841406167e-09,0.6633250201760315
1620.000000000001,0.37202217777089003,1.011508480336744e-09,0.6279778212176015
1630.0000000000011,0.4057724236581024,9.632353708301898e-10,0.5942275753786622
1640.000000000001,0.43775221756212274,9.159079089057639e-10,0.5622477815219694
1650.0000000000011,0.4678332597151818,8.722199760754457e-10,0.5321667394125983
1660.0000000000011,0.49600268533475456,8.321716409398576e-10,0.5039973138330738
1670.0000000000014,0.5222913588237417,7.956016858676017e-10,0.47770864038065664
1680.0000000000011,0.5467632531829244,7.623229068991035e-10,0.45323674605475267
1690.0000000000014,0.5694998695674126,7.321359526046596e-10,0.43050012970045143
1700.0000000000011,0.5905967018199608,7.048391594063904e-10,0.4094032974752
1710.0000000000014,0.6101539412503703,6.802338902639396e-10,0.3898460580693959
1720.0000000000011,0.6282756438302686,6.581296034381337e-10,0.3717243555116018
1730.0000000000014,0.6450792997588858,6.377975389879778e-10,0.3549206996033167
1740.0000000000011,0.6607094911929744,6.175895469132314e-10,0.33929050818943607
1750.0000000000014,0.6752582170269148,5.97463658487749e-10,0.32474178237562157
1760.0000000000011,0.6888102207306699,5.774725323966524e-10,0.3111897786918576
1770.0000000000014,0.7014435406248118,5.576607908034278e-10,0.29855645881752735
1780.0000000000011,0.713231350643896,5.38066539702698e-10,0.2867686488180375
1790.0000000000014,0.7242405196701849,5.187224456605609e-10,0.27575947981109267
1800.0000000000011,0.7345332087829689,4.996567036347758e-10,0.2654667907173744
1810.0000000000014,0.7441659874340102,4.808938173554582e-10,0.255834012085096
1820.0000000000011,0.7531911368056387,4.624551000666323e-10,0.24680886273190625
1830.0000000000014,0.7616475535918793,4.445393941786893e-10,0.2383524459635813
1840.0000000000011,0.769528223488706,4.281751960464268e-10,0.23047177608311883
1850.0000000000014,0.7768673078181662,4.1339244167249966e-10,0.22313269176844142
1860.0000000000011,0.7837044785409226,4.0005078109714904e-10,0.2162955210590266
1870.0000000000014,0.7900761546253351,3.8802608656242407e-10,0.20992384498663882
1880.0000000000011,0.796015504594221,3.772088481794127e-10,0.20398449502857016
1890.0000000000014,0.8015530828939675,3.675021963246381e-10,0.19844691673853027
1900.0000000000011,0.8067168918455331,3.5882019275126246e-10,0.19328310779564672
1910.0000000000014,0.8115328362126183,3.5108684069567566e-10,0.18846716343629485
1920.0000000000014,0.8160243471069621,3.4423521425961186e-10,0.18397565254880263
1930.0000000000016,0.8202131495500271,3.3820633849063464e-10,0.17978685011176654
1940.0000000000014,0.8241190561192059,3.329483330596993e-10,0.17588094354784578
1950.0000000000016,0.8277774006532026,3.2850238515204405e-10,0.172222599018295
1960.0000000000014,0.8312184407878054,3.248934778326836e-10,0.16878155888730115
1970.0000000000016,0.8344572704428547,3.2207916069255926e-10,0.16554272923506616
1980.0000000000014,0.8375075259031003,3.2002375794666046e-10,0.16249247377687595
1990.0000000000016,0.8403820107590612,3.186978402591454e-10,0.159617988922241
2000.0000000000014,0.8430921769282522,3.1807782824422395e-10,0.15690782275366993
