Wavelength_nm,Reflectance,Transmittance,Absorbance
400.0,0.5235762435877295,3.033934617253175e-27,0.4764237564122705
410.00000000000006,0.5096818071786534,3.623983824862492e-27,0.4903181928213466
420.00000000000006,0.4949886143247912,5.465803159584973e-27,0.5050113856752088
430.00000000000006,0.5217067920817771,2.7524024471610445e-27,0.47829320791822294
440.00000000000006,0.5402620088151363,8.864383321124243e-28,0.4597379911848637
450.00000000000006,0.5453339942765897,5.5975121373334e-28,0.4546660057234103
460.00000000000006,0.5469593882141813,4.288691136792498e-28,0.45304061178581867
470.00000000000006,0.5478635320577487,3.6952686908320984e-28,0.45213646794225126
480.0000000000001,0.5483661851405585,5.485583422806343e-28,0.45163381485944154
490.0000000000001,0.548037768845456,1.25706895577066e-27,0.45196223115454404
500.0000000000001,0.5467089629874923,3.745853134181344e-27,0.4532910370125077
510.0000000000001,0.5438489371883729,1.348375060783886e-26,0.4561510628116271
520.0000000000001,0.5380279500908146,5.386563152426652e-26,0.4619720499091854
530.0000000000001,0.5269330996903541,2.412156482942615e-25,0.47306690030964593
540.0000000000001,0.5077578865195956,1.1962611847701678e-24,0.49224211348040436
550.0000000000001,0.48496358780595317,5.8218724063753035e-24,0.5150364121940468
560.0000000000001,0.4893517654220576,2.005927932558736e-23,0.5106482345779424
570.0000000000002,0.5266546114720844,4.3750660197317936e-23,0.47334538852791563
580.0000000000002,0.5568285250861533,7.828396974543644e-23,0.4431714749138467
590.0000000000002,0.5731600139301644,1.3994751461073842e-22,0.42683998606983564
600.0000000000002,0.5844499327911682,2.631520332428361e-22,0.4155500672088318
610.0000000000002,0.597015311603573,5.223335481896896e-22,0.402984688396427
620.0000000000002,0.6142636239680948,1.0733518819812677e-21,0.38573637603190525
630.0000000000002,0.6353137225484436,2.195264476080046e-21,0.36468627745155635
640.0000000000002,0.6563250710959676,4.339664137344394e-21,0.3436749289040324
650.0000000000002,0.672960295156026,8.196245135340355e-21,0.32703970484397404
660.0000000000002,0.6843966972720265,1.5016829260924045e-20,0.31560330272797354
670.0000000000002,0.6917260649800374,2.748247871088452e-20,0.3082739350199626
680.0000000000002,0.6965767019252679,5.0837110328468284e-20,0.3034232980747321
690.0000000000002,0.6997667402829834,9.523544946228841e-20,0.30023325971701664
700.0000000000003,0.7011440846417238,1.8040875095349535e-19,0.29885591535827616
710.0000000000003,0.7003219897335871,3.4535923858822193e-19,0.29967801026641294
720.0000000000003,0.6967289510964882,6.682155531806184e-19,0.30327104890351175
730.0000000000003,0.689798612503958,1.308280150859834e-18,0.310201387496042
740.0000000000003,0.6788646729999455,2.596490391633372e-18,0.32113532700005454
750.0000000000003,0.662900579738528,5.234209265038751e-18,0.337099420261472
760.0000000000003,0.6403516088024723,1.074206658644927e-17,0.3596483911975277
770.0000000000003,0.6088603446703349,2.258766585961012e-17,0.3911396553296651
780.0000000000003,0.5651296967673797,4.880244163120847e-17,0.43487030323262027
790.0000000000003,0.5056053801668089,1.0798460998304557e-16,0.494394619833191
800.0000000000003,0.4298508832219902,2.414403770319518e-16,0.5701491167780095
810.0000000000003,0.35095298687026816,5.268244310867307e-16,0.6490470131297313
820.0000000000003,0.31007012136930334,1.0509814834012768e-15,0.6899298786306957
830.0000000000005,0.3547035924172768,1.7654577249352226e-15,0.6452964075827214
840.0000000000005,0.4684327345948369,2.4342986655623616e-15,0.5315672654051606
850.0000000000005,0.5887680973806941,2.924136649401159e-15,0.4112319026193029
860.0000000000005,0.6809062233679057,3.292590904878071e-15,0.319093776632091
870.0000000000005,0.7429601495867169,3.754611236489907e-15,0.25703985041327937
880.0000000000005,0.7833495696511343,4.409675608100027e-15,0.21665043034886125
890.0000000000005,0.8098592403020808,5.253316699758596e-15,0.19014075969791397
900.0000000000005,0.8277014967621802,6.339325314488395e-15,0.17229850323781348
910.0000000000005,0.8400839569810999,7.749006088747738e-15,0.1599160430188923
920.0000000000005,0.8489390944814104,9.585594941899136e-15,0.15106090551858006
930.0000000000005,0.8554542877486807,1.1981520025572184e-14,0.1445457122513073
940.0000000000005,0.8603769272063941,1.5146787522752006e-14,0.1396230727935907
950.0000000000005,0.8642033518720075,1.9342781977273593e-14,0.13579664812797318
960.0000000000006,0.8672655722618327,2.4863247222971014e-14,0.13273442773814248
970.0000000000006,0.8697945148090448,3.1869294496593975e-14,0.13020548519092334
980.0000000000006,0.8719379619121181,4.0667935214013134e-14,0.1280620380878412
990.0000000000006,0.8737978675911017,5.164379107162239e-14,0.12620213240884667
1000.0000000000005,0.8754416827099346,6.528643166928794e-14,0.12455831729000011
1010.0000000000007,0.8769173568209166,8.213589362177704e-14,0.12308264317900121
1020.0000000000005,0.8782511466660402,1.0286161949473651e-13,0.12174885333385693
1030.0000000000007,0.8794461343767628,1.290101546324428e-13,0.12055386562310821
1040.0000000000005,0.8805012381875184,1.6228052836113322e-13,0.11949876181231936
1050.0000000000007,0.8814099272808197,2.0465854151529274e-13,0.11859007271897566
1060.0000000000005,0.8821585262950217,2.5877636372215916e-13,0.11784147370471955
1070.0000000000007,0.8827282088493752,3.2812310397078005e-13,0.11727179115029668
1080.0000000000005,0.8830964900993924,4.171225946606476e-13,0.11690350990019048
1090.0000000000007,0.8832377830341163,5.313664021275788e-13,0.11676221696535237
1100.0000000000005,0.8831353571769539,6.72074351419504e-13,0.11686464282237402
1110.0000000000007,0.8827797781938888,8.404091027336e-13,0.11722022180527084
1120.0000000000005,0.8821647046196918,1.0392617067217702e-12,0.11783529537926897
1130.0000000000007,0.8812827389326241,1.272109239870237e-12,0.1187172610661038
1140.0000000000005,0.8801004347496809,1.5644108263381305e-12,0.11989956524875467
1150.000000000001,0.8785954558558744,1.9441255863221954e-12,0.12140454414218148
1160.0000000000007,0.8767515654961042,2.440785876193542e-12,0.12324843450145499
1170.000000000001,0.8745484603840729,3.094991962077445e-12,0.12545153961283215
1180.0000000000007,0.8719961815530979,3.908262994577302e-12,0.12800381844299386
1190.000000000001,0.8691053968952343,4.8481816876988745e-12,0.13089460309991757
1200.0000000000007,0.8648405320369243,5.8803053141633816e-12,0.13515946795719536
1210.000000000001,0.8597545554475916,6.986221733039108e-12,0.14024544454542218
1220.0000000000007,0.856003895726152,8.240066800706359e-12,0.14399610426560794
1230.000000000001,0.851101912799095,9.695238716879802e-12,0.14889808719120978
1240.0000000000007,0.8452536087927506,1.143675361208927e-11,0.15474639119581268
1250.000000000001,0.8388644074091771,1.355401730458213e-11,0.16113559257726887
1260.0000000000007,0.8318099479124238,1.613477908363561e-11,0.16819005207144141
1270.000000000001,0.8239051204292125,1.9285801191745715e-11,0.17609487955150172
1280.0000000000007,0.8150752235707365,2.316317005360245e-11,0.18492477640610036
1290.000000000001,0.8052314914223451,2.7959380272302103e-11,0.19476850854969555
1300.0000000000007,0.7942449275058882,3.3915288228647085e-11,0.20575507246019656
1310.000000000001,0.7819673561087689,4.1339648716597305e-11,0.21803264384989146
1320.0000000000007,0.7682336576074791,5.062982245481114e-11,0.23176634234189109
1330.000000000001,0.7528809352743415,6.199926865970755e-11,0.2471190646636592
1340.0000000000007,0.7357255483265092,7.555073316862559e-11,0.2642744515979401
1350.000000000001,0.7165415698694038,9.162500645641704e-11,0.28345843003897125
1360.0000000000007,0.6950780276704503,1.1059815078318583e-10,0.3049219722189515
1370.000000000001,0.6710437770486085,1.3334739398721855e-10,0.3289562228180441
1380.0000000000007,0.6440920827483676,1.6220177295773216e-10,0.35590791708943065
1390.000000000001,0.6139207002341468,1.990901135664229e-10,0.38607929956676307
1400.000000000001,0.5802434223865401,2.4645245041218107e-10,0.4197565773670074
1410.0000000000011,0.542816260124207,3.074878771174516e-10,0.4571837395683051
1420.000000000001,0.5015334884224819,3.8254772752027605e-10,0.4984665111949704
1430.0000000000011,0.45640614068043983,4.696278283448958e-10,0.5435938588499324
1440.000000000001,0.4075667618233585,5.685839934675672e-10,0.5924332376080576
1450.0000000000011,0.35541406537831394,6.784019460949062e-10,0.644585933943284
1460.000000000001,0.3007048396705088,7.969251218000231e-10,0.6992951595325662
1470.0000000000011,0.24464436126488168,9.206243377478671e-10,0.755355637814494
1480.000000000001,0.18894714350929948,1.044831364655155e-09,0.8110528554458691
1490.0000000000011,0.1358079796145237,1.1695429123163741e-09,0.8641920192159334
1500.000000000001,0.08790652625443651,1.2913868856924764e-09,0.9120934724541766
1510.0000000000011,0.048128422523246325,1.4042679613585517e-09,0.9518715760724857
1520.000000000001,0.019171612723649346,1.5017689764404372e-09,0.9808283857745818
1530.0000000000011,0.003112644460036919,1.5780418215739821e-09,0.9968873539619213
1540.000000000001,0.0010292228146760232,1.6287357960243928e-09,0.9989707755565882
1550.0000000000011,0.01280156322298604,1.651692992505254e-09,0.9871984351253209
1560.000000000001,0.037169977611243354,1.6475647000220813e-09,0.962830020741192
1570.0000000000011,0.07201209243633488,1.6192880454807429e-09,0.9279879059443771
1580.000000000001,0.1147120916124881,1.5707461406415319e-09,0.8852879068167658
1590.0000000000011,0.16256797225454442,1.506568984536901e-09,0.8374320262388866
1600.000000000001,0.21310907202753565,1.4314545308546157e-09,0.7868909265410098
1610.0000000000011,0.2642841048451339,1.3496729962945726e-09,0.7357158938051931
1620.000000000001,0.3145298049813776,1.2647950217193031e-09,0.6854701937538273
1630.0000000000011,0.36275172892852575,1.1796035300518489e-09,0.6372482698918707
1640.000000000001,0.40822908109098655,1.097334865474097e-09,0.5917709178116786
1650.0000000000011,0.4505200842849524,1.0218324756541023e-09,0.5494799146932151
1660.0000000000011,0.4894871830050641,9.532513890526633e-10,0.5105128160416845
1670.0000000000014,0.5251595848888052,8.913482216031603e-10,0.4748404142198466
1680.0000000000011,0.5576713743032098,8.357287162244183e-10,0.4423286248610615
1690.0000000000014,0.5872176879625887,7.85921157482385e-10,0.4127823112514902
1700.0000000000011,0.6140242653706987,7.414265750788899e-10,0.38597573388787476
1710.0000000000014,0.6383268031279431,7.017505019616263e-10,0.3616731961703064
1720.0000000000011,0.6603578676597357,6.664225356323272e-10,0.3396421316738418
1730.0000000000014,0.6803532921910301,6.344644809449588e-10,0.3196467071745054
1740.0000000000011,0.6985586758672289,6.040673679542319e-10,0.3014413235287038
1750.0000000000014,0.715160896049536,5.750692501187343e-10,0.2848391033753947
1760.0000000000011,0.7303262746949268,5.474061846075251e-10,0.269673724757667
1770.0000000000014,0.7442040094011526,5.210114746783742e-10,0.25579599007783593
1780.0000000000011,0.7569273086365089,4.95818690081884e-10,0.2430726908676724
1790.0000000000014,0.7686147665982584,4.717633888439169e-10,0.23138523292997817
1800.0000000000011,0.7793717558197953,4.487843381609859e-10,0.22062824373142031
1810.0000000000014,0.7892918286688675,4.26824019762857e-10,0.2107081709043085
1820.0000000000011,0.7984580037394077,4.0582897035565173e-10,0.20154199585476334
1830.0000000000014,0.8069378536431743,3.8590307081110447e-10,0.19306214597092267
1840.0000000000011,0.8147609813952801,3.678492571437799e-10,0.18523901823687067
1850.0000000000014,0.8219818152572917,3.5161039837144165e-10,0.17801818439109784
1860.0000000000011,0.8286546207698935,3.3699587997661356e-10,0.17134537889311063
1870.0000000000014,0.8348279984840997,3.238395550808381e-10,0.1651720011920607
1880.0000000000011,0.8405455416271408,3.119963303196642e-10,0.1594544580608629
1890.0000000000014,0.845846366387196,3.0133939552056917e-10,0.1541536333114646
1900.0000000000011,0.8507655970728374,2.917577740039331e-10,0.14923440263540483
1910.0000000000014,0.8553348237120146,2.83154262142126e-10,0.14466517600483111
1920.0000000000014,0.8595825176539145,2.7544353549151735e-10,0.140417482070642
1930.0000000000016,0.8635343733985956,2.6855071335003545e-10,0.13646562633285367
1940.0000000000014,0.8672135782502848,2.6241025312055463e-10,0.13278642148730496
1950.0000000000016,0.8706477381284022,2.5704622815359956e-10,0.12935226161455154
1960.0000000000014,0.8738615385370545,2.524668470050916e-10,0.12613846121047864
1970.0000000000016,0.8768724380249977,2.4861768000029186e-10,0.12312756172638462
1980.0000000000014,0.8796961551817253,2.454523248494325e-10,0.1203038445728224
1990.0000000000016,0.8823469066820013,2.429315358947971e-10,0.11765309307506713
2000.0000000000014,0.8848375757029644,2.410222800643112e-10,0.11516242405601332
